clang task1.c -o task1 -g -fsanitize=address && ./task1 file.txt


	String: 'Ми любимо їсти кашу! Так казали козаки на русі, для них той смак був найкращим, він нагадував їх батьківщину, рідну мати, родину.'



		 Raw decimal values of incoded UTF-8 string(negative indicate non ASCII characters): 

[-48]	[-100]	[-48]	[-72]	[32]	[-48]	[-69]	[-47]	[-114]	[-48]	[-79]	[-48]	[-72]	[-48]	[-68]	[-48]	[-66]	[32]	[-47]	[-105]	[-47]	[-127]	[-47]	[-126]	[-48]	[-72]	[32]	[-48]	[-70]	[-48]	[-80]	[-47]	[-120]	[-47]	[-125]	[33]	[32]	[-48]	[-94]	[-48]	[-80]	[-48]	[-70]	[32]	[-48]	[-70]	[-48]	[-80]	[-48]	[-73]	[-48]	[-80]	[-48]	[-69]	[-48]	[-72]	[32]	[-48]	[-70]	[-48]	[-66]	[-48]	[-73]	[-48]	[-80]	[-48]	[-70]	[-48]	[-72]	[32]	[-48]	[-67]	[-48]	[-80]	[32]	[-47]	[-128]	[-47]	[-125]	[-47]	[-127]	[-47]	[-106]	[44]	[32]	[-48]	[-76]	[-48]	[-69]	[-47]	[-113]	[32]	[-48]	[-67]	[-48]	[-72]	[-47]	[-123]	[32]	[-47]	[-126]	[-48]	[-66]	[-48]	[-71]	[32]	[-47]	[-127]	[-48]	[-68]	[-48]	[-80]	[-48]	[-70]	[32]	[-48]	[-79]	[-47]	[-125]	[-48]	[-78]	[32]	[-48]	[-67]	[-48]	[-80]	[-48]	[-71]	[-48]	[-70]	[-47]	[-128]	[-48]	[-80]	[-47]	[-119]	[-48]	[-72]	[-48]	[-68]	[44]	[32]	[-48]	[-78]	[-47]	[-106]	[-48]	[-67]	[32]	[-48]	[-67]	[-48]	[-80]	[-48]	[-77]	[-48]	[-80]	[-48]	[-76]	[-47]	[-125]	[-48]	[-78]	[-48]	[-80]	[-48]	[-78]	[32]	[-47]	[-105]	[-47]	[-123]	[32]	[-48]	[-79]	[-48]	[-80]	[-47]	[-126]	[-47]	[-116]	[-48]	[-70]	[-47]	[-106]	[-48]	[-78]	[-47]	[-119]	[-48]	[-72]	[-48]	[-67]	[-47]	[-125]	[44]	[32]	[-47]	[-128]	[-47]	[-106]	[-48]	[-76]	[-48]	[-67]	[-47]	[-125]	[32]	[-48]	[-68]	[-48]	[-80]	[-47]	[-126]	[-48]	[-72]	[44]	[32]	[-47]	[-128]	[-48]	[-66]	[-48]	[-76]	[-48]	[-72]	[-48]	[-67]	[-47]	[-125]	[46]	



		 UTF-8 string encoded as decimal - codepoint:

		[1052]		[1080]		[32]		[1083]		[1102]		[1073]		[1080]		[1084]		[1086]		[32]		[1111]		[1089]		[1090]		[1080]		[32]		[1082]		[1072]		[1096]		[1091]		[33]		[32]		[1058]		[1072]		[1082]		[32]		[1082]		[1072]		[1079]		[1072]		[1083]		[1080]		[32]		[1082]		[1086]		[1079]		[1072]		[1082]		[1080]		[32]		[1085]		[1072]		[32]		[1088]		[1091]		[1089]		[1110]		[44]		[32]		[1076]		[1083]		[1103]		[32]		[1085]		[1080]		[1093]		[32]		[1090]		[1086]		[1081]		[32]		[1089]		[1084]		[1072]		[1082]		[32]		[1073]		[1091]		[1074]		[32]		[1085]		[1072]		[1081]		[1082]		[1088]		[1072]		[1097]		[1080]		[1084]		[44]		[32]		[1074]		[1110]		[1085]		[32]		[1085]		[1072]		[1075]		[1072]		[1076]		[1091]		[1074]		[1072]		[1074]		[32]		[1111]		[1093]		[32]		[1073]		[1072]		[1090]		[1100]		[1082]		[1110]		[1074]		[1097]		[1080]		[1085]		[1091]		[44]		[32]		[1088]		[1110]		[1076]		[1085]		[1091]		[32]		[1084]		[1072]		[1090]		[1080]		[44]		[32]		[1088]		[1086]		[1076]		[1080]		[1085]		[1091]		[46]



		Binary of string:

 11010000  10011100  11010000  10111000  00100000  11010000  10111011  11010001  10001110  11010000 
 10110001  11010000  10111000  11010000  10111100  11010000  10111110  00100000  11010001  10010111 
 11010001  10000001  11010001  10000010  11010000  10111000  00100000  11010000  10111010  11010000 
 10110000  11010001  10001000  11010001  10000011  00100001  00100000  11010000  10100010  11010000 
 10110000  11010000  10111010  00100000  11010000  10111010  11010000  10110000  11010000  10110111 
 11010000  10110000  11010000  10111011  11010000  10111000  00100000  11010000  10111010  11010000 
 10111110  11010000  10110111  11010000  10110000  11010000  10111010  11010000  10111000  00100000 
 11010000  10111101  11010000  10110000  00100000  11010001  10000000  11010001  10000011  11010001 
 10000001  11010001  10010110  00101100  00100000  11010000  10110100  11010000  10111011  11010001 
 10001111  00100000  11010000  10111101  11010000  10111000  11010001  10000101  00100000  11010001 
 10000010  11010000  10111110  11010000  10111001  00100000  11010001  10000001  11010000  10111100 
 11010000  10110000  11010000  10111010  00100000  11010000  10110001  11010001  10000011  11010000 
 10110010  00100000  11010000  10111101  11010000  10110000  11010000  10111001  11010000  10111010 
 11010001  10000000  11010000  10110000  11010001  10001001  11010000  10111000  11010000  10111100 
 00101100  00100000  11010000  10110010  11010001  10010110  11010000  10111101  00100000  11010000 
 10111101  11010000  10110000  11010000  10110011  11010000  10110000  11010000  10110100  11010001 
 10000011  11010000  10110010  11010000  10110000  11010000  10110010  00100000  11010001  10010111 
 11010001  10000101  00100000  11010000  10110001  11010000  10110000  11010001  10000010  11010001 
 10001100  11010000  10111010  11010001  10010110  11010000  10110010  11010001  10001001  11010000 
 10111000  11010000  10111101  11010001  10000011  00101100  00100000  11010001  10000000  11010001 
 10010110  11010000  10110100  11010000  10111101  11010001  10000011  00100000  11010000  10111100 
 11010000  10110000  11010001  10000010  11010000  10111000  00101100  00100000  11010001  10000000 
 11010000  10111110  11010000  10110100  11010000  10111000  11010000  10111101  11010001  10000011 
 00101110 


		Grays Binary of string:

 10111000  11010010  10111000  11100100  00110000  10111000  11100110  10111001  11001001  10111000 
 11101001  10111000  11100100  10111000  11100010  10111000  11100001  00110000  10111001  11011100 
 10111001  11000001  10111001  11000011  10111000  11100100  00110000  10111000  11100111  10111000 
 11101000  10111001  11001100  10111001  11000010  00110001  00110000  10111000  11110011  10111000 
 11101000  10111000  11100111  00110000  10111000  11100111  10111000  11101000  10111000  11101100 
 10111000  11101000  10111000  11100110  10111000  11100100  00110000  10111000  11100111  10111000 
 11100001  10111000  11101100  10111000  11101000  10111000  11100111  10111000  11100100  00110000 
 10111000  11100011  10111000  11101000  00110000  10111001  11000000  10111001  11000010  10111001 
 11000001  10111001  11011101  00111010  00110000  10111000  11101110  10111000  11100110  10111001 
 11001000  00110000  10111000  11100011  10111000  11100100  10111001  11000111  00110000  10111001 
 11000011  10111000  11100001  10111000  11100101  00110000  10111001  11000001  10111000  11100010 
 10111000  11101000  10111000  11100111  00110000  10111000  11101001  10111001  11000010  10111000 
 11101011  00110000  10111000  11100011  10111000  11101000  10111000  11100101  10111000  11100111 
 10111001  11000000  10111000  11101000  10111001  11001101  10111000  11100100  10111000  11100010 
 00111010  00110000  10111000  11101011  10111001  11011101  10111000  11100011  00110000  10111000 
 11100011  10111000  11101000  10111000  11101010  10111000  11101000  10111000  11101110  10111001 
 11000010  10111000  11101011  10111000  11101000  10111000  11101011  00110000  10111001  11011100 
 10111001  11000111  00110000  10111000  11101001  10111000  11101000  10111001  11000011  10111001 
 11001010  10111000  11100111  10111001  11011101  10111000  11101011  10111001  11001101  10111000 
 11100100  10111000  11100011  10111001  11000010  00111010  00110000  10111001  11000000  10111001 
 11011101  10111000  11101110  10111000  11100011  10111001  11000010  00110000  10111000  11100010 
 10111000  11101000  10111001  11000011  10111000  11100100  00111010  00110000  10111001  11000000 
 10111000  11100001  10111000  11101110  10111000  11100100  10111000  11100011  10111001  11000010 
 00111001 



	String broken down to its symbols:

	[М] [и] 
	[л] [ю] [б] [и] [м] [о] 
	[ї] [с] [т] [и] 
	[к] [а] [ш] [у] [!] 
	[Т] [а] [к] 
	[к] [а] [з] [а] [л] [и] 
	[к] [о] [з] [а] [к] [и] 
	[н] [а] 
	[р] [у] [с] [і] [,] 
	[д] [л] [я] 
	[н] [и] [х] 
	[т] [о] [й] 
	[с] [м] [а] [к] 
	[б] [у] [в] 
	[н] [а] [й] [к] [р] [а] [щ] [и] [м] [,] 
	[в] [і] [н] 
	[н] [а] [г] [а] [д] [у] [в] [а] [в] 
	[ї] [х] 
	[б] [а] [т] [ь] [к] [і] [в] [щ] [и] [н] [у] [,] 
	[р] [і] [д] [н] [у] 
	[м] [а] [т] [и] [,] 
	[р] [о] [д] [и] [н] [у] [.] 

	CODEPOINTS SORTED:
strlen: 129
	1052	1080	32	1083	1102	1073	1080	1084	1086	32	1111	1089	1090	1080	32	1082	1072	1096	1091	33	32	1058	1072	1082	32	1082	1072	1079	1072	1083	1080	32	1082	1086	1079	1072	1082	1080	32	1085	1072	32	1088	1091	1089	1110	44	32	1076	1083	1103	32	1085	1080	1093	32	1090	1086	1081	32	1089	1084	1072	1082	32	1073	1091	1074	32	1085	1072	1081	1082	1088	1072	1097	1080	1084	44	32	1074	1110	1085	32	1085	1072	1075	1072	1076	1091	1074	1072	1074	32	1111	1093	32	1073	1072	1090	1100	1082	1110	1074	1097	1080	1085	1091	44	32	1088	1110	1076	1085	1091	32	1084	1072	1090	1080	44	32	1088	1086	1076	1080	1085	1091	46
	codepoint (32) was found -> 21
	codepoint (33) was found -> 1
	codepoint (44) was found -> 4
	codepoint (46) was found -> 1
	codepoint (1052) was found -> 1
	codepoint (1058) was found -> 1
	codepoint (1072) was found -> 14
	codepoint (1073) was found -> 3
	codepoint (1074) was found -> 5
	codepoint (1075) was found -> 1
	codepoint (1076) was found -> 4
	codepoint (1079) was found -> 2
	codepoint (1080) was found -> 10
	codepoint (1081) was found -> 2
	codepoint (1082) was found -> 8
	codepoint (1083) was found -> 3
	codepoint (1084) was found -> 4
	codepoint (1085) was found -> 8
	codepoint (1086) was found -> 4
	codepoint (1088) was found -> 4
	codepoint (1089) was found -> 3
	codepoint (1090) was found -> 4
	codepoint (1091) was found -> 7
	codepoint (1093) was found -> 2
	codepoint (1096) was found -> 1
	codepoint (1097) was found -> 2
	codepoint (1100) was found -> 1
	codepoint (1102) was found -> 1
	codepoint (1103) was found -> 1
	codepoint (1110) was found -> 4

	Chart of codepoints rarity:
	codepoint: [ 1103 ], count ->	1	 [#]
	codepoint: [ 1097 ], count ->	2	 [##]
	codepoint: [ 1089 ], count ->	3	 [###]
	codepoint: [ 1110 ], count ->	4	 [####]
	codepoint: [ 1074 ], count ->	5	 [#####]
	codepoint: [ 1091 ], count ->	7	 [#######]
	codepoint: [ 1085 ], count ->	8	 [########]
	codepoint: [ 1080 ], count ->	10	 [##########]
	codepoint: [ 1072 ], count ->	14	 [##############]
	codepoint: [ 32 ], count ->	21	 [#####################]




+		String information:
|	
|	Number of UTF-8 characters  : 129
|	Byte`s taken to store data  : 231
|	Bit length (bytes * 8)      : 1848
|	Unique characters count     : 31
|	Words in string             : 22
|	Etropy for the string       : 4.30
|	Kraft's value (UA+SYM = 38) : inf
|	Shannons value for UA_UTF8  : 0.39
+
